15 120 10
15 125 10
15 220 10
20 105 10
25 80 10
30 140 9
30 175 10
30 205 9
30 260 10
35 155 9
35 185 9
35 215 10
35 225 10
40 125 9
40 160 10
40 170 10
40 210 9
45 90 9
45 120 9
45 150 9
45 180 10
45 220 9
45 250 9
45 260 9
50 65 9
50 95 9
50 130 10
50 160 9
50 190 9
50 195 9
50 230 9
50 245 9
55 95 9
55 135 9
55 195 9
55 235 10
60 90 9
60 120 9
60 210 9
65 70 9
65 75 9
65 130 10
65 170 10
65 215 10
65 245 9
65 255 10
70 5 36
70 10 36
70 80 9
70 185 9
70 205 10
75 5 36
75 15 35
75 80 9
75 110 10
75 140 9
75 150 10
75 215 10
80 10 35
80 75 9
80 85 9
80 155 9
80 190 9
80 225 9
80 250 9
85 15 34
85 25 34
85 100 9
85 155 9
85 200 9
85 235 9
90 20 34
90 30 33
90 95 10
90 140 10
90 160 9
90 205 10
90 235 9
95 25 33
100 35 32
105 30 32
110 35 31
110 40 31
110 275 30
110 300 30
115 65 29
115 95 30
115 135 30
115 175 30
115 205 30
115 235 30
115 265 30
115 295 30
120 45 30
120 90 29
120 135 29
120 165 30
120 240 30
125 45 30
125 180 29
125 200 30
125 230 29
125 260 29
125 290 29
130 50 29
130 60 28
130 110 29
130 145 28
130 165 29
130 205 29
130 225 29
130 255 29
130 285 29
130 300 29
135 55 28
135 65 28
140 75 9
140 105 9
140 135 9
140 155 10
140 225 9
145 85 9
145 110 9
145 165 9
145 190 9
145 245 9
145 255 9
150 80 10
150 130 9
150 185 9
150 235 9
150 260 9
155 100 9
155 135 9
155 160 10
155 200 9
155 230 9
155 235 9
160 95 10
160 140 9
160 170 9
160 200 9
160 210 10
165 70 9
165 95 10
165 185 10
165 225 11
165 255 10
170 75 9
170 150 8
170 220 9
170 225 9
175 65 9
175 165 10
175 180 9
175 225 10
175 260 9
180 75 9
180 125 9
180 150 9
180 245 10
185 100 9
185 130 9
185 160 9
185 175 9
190 115 9
190 125 9
190 155 9
190 215 10
190 235 10
195 70 9
195 180 9
195 245 9
200 55 10
200 90 9
200 200 9
200 220 9
200 260 11
205 95 9
205 190 10
205 205 10
210 65 9
210 75 9
210 105 9
210 165 9
210 195 10
210 250 9
215 65 9
215 100 9
215 130 9
215 135 9
215 225 9
220 170 9
220 210 9
220 240 10
220 255 9
225 160 10
225 215 9
225 250 9
225 260 9
230 95 10
230 170 10
230 230 9
230 235 10
235 85 9
235 185 10
235 245 9
240 105 9
240 130 9
240 165 10
245 140 9
245 185 8
245 225 10
245 245 10
250 65 9
250 85 11
250 90 9
250 120 9
250 125 9
250 180 9
250 200 9
255 75 9
255 125 9
255 150 9
255 190 9
255 205 9
260 70 9
260 100 9
260 175 9
265 90 10
265 155 9
270 65 9
270 150 9
270 210 9
270 255 10
275 85 9
275 155 9
275 185 9
275 200 9
275 245 8
280 75 9
280 105 9
280 140 9
280 170 8
280 225 9
280 240 9
285 70 9
285 100 9
285 110 9
285 145 10
285 175 10
285 205 9
290 230 9
290 250 10
295 120 9
295 205 9
300 110 9
300 115 9
300 210 10
300 255 9
305 105 10
305 125 10
305 180 10
305 220 9
310 65 9
310 225 9
315 95 9
315 100 9
315 150 10
315 185 9
315 195 9
320 65 9
320 75 9
320 140 9
320 190 9
320 225 9
320 250 9
325 85 9
325 90 9
325 125 9
325 165 10
325 170 10
325 250 9
330 80 9
330 230 10
330 255 9
335 100 9
335 105 10
335 160 9
335 200 9
335 235 10
340 115 9
340 140 9
340 175 9
340 190 10
340 235 10
345 90 10
345 150 10
345 160 10
345 205 10
345 240 9
350 105 9
350 135 9
350 165 9
355 125 9
355 130 9
355 180 9
355 185 9
355 245 9
355 260 9
360 85 10
360 110 10
360 200 10
360 215 10
360 255 9
365 135 9
365 180 10
370 100 9
370 130 10
370 210 9
375 85 9
375 190 10
375 240 9
380 65 10
380 95 10
380 240 9
380 250 10
385 100 10
385 165 10
385 190 10
385 220 10
385 250 10
385 260 9
390 65 9
390 95 9
390 125 9
390 155 9
390 185 9
390 215 9
390 245 9
390 255 9
420 210 5
420 240 5
420 255 5
425 205 5
425 210 5
425 250 5
430 220 6
435 205 6
435 235 6
435 255 6
445 190 8
450 185 8
450 195 8
455 195 8
460 185 9
460 190 8
465 175 10
465 180 10
470 180 10
475 170 11
475 185 12
480 175 11
485 165 12
490 170 12
495 155 13
500 150 14
500 165 13
510 145 15
510 155 14
515 145 15
515 150 15
515 190 15
515 210 15
520 140 16
525 150 17
530 130 17
530 140 17
530 190 17
535 135 17
535 175 14
540 125 18
540 200 17
545 120 19
545 130 18
550 125 19
555 115 20
560 115 20
560 120 20
565 110 21
570 105 21
570 110 21
575 100 22
580 105 22
580 285 23
585 95 23
590 90 24
590 100 23
595 85 24
595 95 24
600 90 24
605 80 25
610 75 26
610 85 25
620 60 23
620 70 27
620 80 26
625 70 27
625 75 27
630 65 28
635 60 28
640 55 29
640 65 28
645 50 30
645 60 29
655 45 31
655 55 30
660 40 31
660 50 31
670 35 32
675 30 33
675 40 32
680 35 33
690 25 34
690 30 34
695 15 35
695 25 35
700 20 35
705 10 36
705 20 35
710 15 36
715 5 37
720 10 37
725 5 38
