25 5 17
25 35 18
25 65 18
25 95 19
25 125 19
25 130 19
30 125 19
30 140 20
30 155 25
30 165 25
35 10 18
35 40 18
35 70 19
35 100 19
35 120 19
35 180 28
35 210 28
40 70 19
40 100 19
40 105 19
40 145 27
40 175 28
40 205 28
40 210 28
40 215 32
40 220 33
45 135 27
45 165 28
45 195 28
45 205 28
50 90 19
50 110 27
50 140 27
50 170 28
50 190 28
50 225 43
50 260 44
50 290 44
50 305 45
55 5 18
55 45 19
55 75 19
55 95 20
55 115 27
55 160 28
55 180 28
55 215 43
55 245 44
55 275 44
55 300 44
55 310 46
55 325 48
55 340 50
55 345 50
60 35 19
60 65 19
60 125 20
60 130 20
60 155 27
60 215 43
60 285 44
60 360 52
60 365 53
65 220 44
65 250 44
65 320 47
65 335 49
65 350 51
70 120 20
70 205 44
70 240 44
70 270 44
70 305 45
70 310 46
70 325 48
75 75 20
75 105 20
75 195 44
75 230 45
75 310 48
75 355 51
80 10 19
80 40 19
80 70 20
80 100 20
80 130 21
80 140 21
80 165 39
80 170 39
80 185 44
80 215 45
80 260 44
80 285 44
80 305 48
80 330 50
85 5 19
85 95 20
85 125 21
85 135 21
85 145 39
85 165 39
85 200 44
85 275 44
85 300 48
85 315 50
85 345 50
90 35 19
90 65 20
90 145 39
90 175 39
90 180 39
90 210 44
90 240 44
90 265 44
90 280 49
90 310 50
90 340 51
90 365 52
95 120 21
95 135 23
95 215 43
95 245 44
95 255 44
95 270 49
95 320 51
95 350 51
95 360 52
100 40 20
100 70 20
100 95 21
100 150 28
100 160 28
100 220 43
100 250 44
100 270 49
100 300 51
100 330 51
105 65 20
105 75 21
105 95 23
105 140 28
105 170 29
105 200 29
105 215 32
105 240 42
105 265 49
105 285 51
110 45 20
110 55 22
110 85 23
110 115 28
110 145 28
110 175 29
110 195 29
110 205 33
110 210 33
110 255 50
115 5 19
115 50 23
115 80 23
115 105 24
115 110 28
115 140 28
115 185 29
115 260 51
115 290 51
115 320 51
115 350 51
120 20 20
120 35 20
120 40 23
120 80 24
120 110 24
120 115 24
120 125 28
120 155 28
120 170 29
120 190 33
120 215 34
120 245 51
120 275 51
120 305 51
120 335 51
120 365 52
125 10 20
125 55 23
125 115 24
125 125 24
125 130 28
125 160 28
125 185 33
125 205 34
125 225 51
125 315 51
125 345 51
130 50 20
130 65 23
130 145 24
130 195 34
130 220 51
130 250 51
130 280 51
130 310 51
130 340 51
130 360 51
135 65 21
135 75 21
135 85 23
135 120 24
135 135 24
135 185 35
135 215 35
135 225 51
135 255 51
135 285 51
135 315 51
140 95 21
140 160 34
140 190 35
140 220 35
140 225 35
140 250 39
140 270 50
145 5 20
145 40 21
145 70 21
145 105 22
145 120 22
145 150 34
145 180 35
145 210 35
145 230 35
145 245 39
145 250 39
145 270 49
145 300 50
145 330 50
150 35 21
150 125 22
150 130 22
150 220 35
150 240 39
150 245 39
150 305 50
150 335 50
150 365 51
155 150 34
155 180 35
155 210 35
155 225 40
155 230 40
155 270 46
155 280 46
155 315 49
155 345 49
160 140 34
160 170 35
160 200 35
160 215 40
160 225 40
160 255 46
160 285 46
160 305 45
160 320 47
160 345 49
165 65 21
165 125 22
165 135 23
165 145 34
165 185 34
165 215 40
165 255 46
165 285 46
165 315 46
165 335 48
165 355 50
170 100 22
170 115 22
170 225 46
170 260 46
170 290 46
170 320 46
170 340 48
170 360 50
175 10 21
175 40 21
175 70 22
175 110 22
175 160 30
175 165 30
175 220 47
175 250 47
175 280 46
175 310 46
175 340 48
180 5 21
180 35 21
180 95 22
180 115 23
180 145 31
180 215 47
180 245 46
180 275 46
180 350 49
185 75 22
185 105 22
185 125 31
185 155 31
185 170 31
185 210 47
185 245 46
185 350 49
190 100 22
190 120 31
190 150 31
190 165 31
190 205 47
190 240 46
190 270 46
190 300 46
190 330 46
190 345 48
190 365 50
195 65 21
195 145 30
195 175 30
195 225 46
195 230 46
195 305 45
195 335 47
195 355 49
200 10 21
200 70 21
200 95 21
200 125 25
200 140 25
200 155 27
200 175 30
200 195 30
200 230 40
200 245 41
200 275 45
200 315 46
200 345 48
200 360 50
205 85 21
205 105 25
205 145 26
205 190 28
205 215 29
205 225 40
205 260 41
205 290 41
205 325 48
210 5 20
210 35 21
210 80 21
210 95 25
210 125 26
210 225 30
210 235 40
210 265 39
210 275 39
210 310 48
210 340 48
215 65 21
215 90 25
215 120 26
215 185 29
215 215 29
215 230 31
215 240 33
215 250 34
215 260 39
215 270 39
215 300 48
220 45 20
220 70 25
220 100 26
220 130 26
220 150 28
220 190 29
220 220 30
220 235 31
220 250 34
220 295 48
220 365 50
225 40 20
225 55 25
225 85 26
225 115 26
225 225 30
225 230 30
225 300 49
225 330 49
230 30 20
230 55 25
230 185 28
230 280 49
230 310 49
230 340 49
235 30 20
235 50 25
235 80 26
235 110 26
235 140 26
235 145 26
235 155 28
235 170 28
235 195 30
235 220 31
235 265 48
235 325 49
235 355 49
240 15 20
240 35 20
240 40 25
240 70 25
240 100 26
240 130 26
240 165 28
240 210 31
240 360 49
245 20 20
245 40 20
245 50 25
245 75 25
245 110 26
245 145 28
245 170 28
245 185 30
245 215 32
245 255 49
245 285 49
245 315 49
245 345 49
250 5 19
250 65 20
250 85 25
250 115 25
250 140 26
250 150 28
250 155 28
250 175 31
250 205 32
250 225 33
250 235 49
250 295 49
250 365 49
255 80 20
255 90 25
255 120 25
255 135 25
255 165 31
255 195 32
255 220 33
255 230 49
255 260 49
255 290 49
255 320 49
255 350 49
260 35 19
260 100 21
260 105 21
260 125 25
260 135 25
260 150 30
260 180 32
260 210 33
260 215 33
260 235 49
260 265 49
260 295 49
260 325 49
260 355 49
265 50 20
265 90 21
265 115 21
265 145 30
265 175 32
265 205 33
265 240 49
265 270 48
265 300 49
265 330 49
270 35 21
270 95 21
270 120 20
270 140 30
270 170 32
270 200 33
270 230 35
270 255 36
270 280 48
270 315 48
270 345 48
275 70 19
275 75 19
275 135 30
275 195 33
275 225 35
275 275 38
275 290 47
275 320 48
275 350 48
280 10 21
280 20 19
280 40 21
280 70 19
280 75 19
280 85 21
280 115 21
280 130 30
280 160 32
280 190 33
280 220 35
280 250 36
280 270 38
280 295 39
280 300 47
280 330 48
280 360 48
280 365 49
285 5 21
285 15 19
285 80 21
285 110 21
285 125 30
285 150 31
285 165 33
285 200 34
285 230 35
285 285 39
285 300 39
285 320 44
285 330 44
285 340 46
290 20 19
290 65 21
290 110 21
290 155 32
290 185 33
290 215 35
290 245 36
290 265 38
290 315 40
290 320 40
290 330 44
290 345 46
295 105 21
295 115 29
295 210 35
295 305 40
295 345 46
300 35 21
300 95 21
300 100 19
300 120 30
300 145 32
300 175 33
300 240 37
300 325 46
300 355 47
305 45 18
305 50 18
305 90 21
305 125 31
305 155 32
305 185 34
305 215 36
305 245 37
305 275 38
305 325 46
305 355 47
310 50 18
310 135 32
310 195 35
310 225 36
310 255 37
310 270 39
310 325 40
310 330 47
310 360 47
310 365 47
315 15 21
315 45 21
315 75 21
315 165 33
315 190 35
315 220 36
315 250 37
315 295 40
315 365 47
320 110 21
320 225 36
320 260 38
320 265 38
320 290 40
320 320 40
325 5 21
325 65 21
325 80 18
325 105 21
325 150 32
325 180 34
325 210 35
325 280 40
325 310 40
330 15 21
330 75 18
330 80 18
330 90 21
330 115 30
330 300 40
335 25 17
335 35 21
335 95 21
335 110 29
335 120 31
335 180 33
335 200 35
335 230 36
335 255 38
335 290 40
335 320 40
340 40 21
340 70 21
340 100 21
340 115 30
340 135 32
340 195 34
340 270 39
340 325 40
340 330 47
340 360 47
345 45 21
345 75 21
345 105 21
345 120 31
345 150 32
345 185 34
345 215 35
345 240 37
345 300 40
345 325 40
350 5 21
350 35 21
350 100 21
350 105 18
350 110 18
350 125 31
350 160 33
350 190 34
350 220 36
350 250 37
350 265 38
355 10 21
355 40 21
355 55 17
355 70 21
355 155 32
355 175 34
355 205 35
355 305 43
355 310 43
360 20 21
360 55 17
360 65 21
360 95 21
360 115 21
360 125 31
360 205 35
360 235 36
360 260 38
360 290 45
360 315 44
360 345 47
365 25 21
365 60 21
365 90 21
365 115 21
365 130 31
365 165 33
365 220 36
365 250 37
365 275 45
365 305 45
365 320 45
365 330 47
370 20 21
370 50 21
370 80 21
370 110 21
370 120 21
370 135 31
370 165 33
370 195 34
370 225 36
370 255 37
370 270 38
370 280 46
370 315 46
370 365 47
375 15 21
375 45 21
375 75 21
375 105 21
375 125 21
375 140 31
375 170 33
375 200 34
375 225 36
375 255 37
375 310 46
375 345 46
375 365 45
380 15 21
380 85 17
380 90 17
380 140 31
380 210 35
380 240 36
380 335 46
380 360 46
385 30 16
385 35 16
385 55 21
385 85 17
385 90 17
385 100 21
385 130 21
385 135 21
385 155 32
385 185 33
385 215 35
385 245 36
390 10 21
390 35 16
390 145 21
390 160 31
390 180 33
390 210 34
390 245 36
390 270 36
390 280 47
390 310 46
390 340 46
395 5 21
395 45 21
395 75 21
395 105 21
395 135 21
395 150 27
395 160 30
395 175 32
395 205 33
395 230 35
395 240 35
395 275 47
395 305 47
400 10 21
400 40 21
400 70 21
400 100 21
400 165 29
400 170 29
400 185 32
400 205 33
400 305 47
405 25 21
405 60 16
405 65 16
405 85 21
405 125 21
405 140 21
405 150 27
405 180 29
405 245 29
405 260 30
405 270 46
405 300 47
405 335 47
405 365 46
410 50 21
410 60 16
410 65 16
410 80 21
410 155 27
410 165 29
410 215 29
410 225 29
410 250 47
410 285 47
410 315 47
410 345 47
415 10 15
415 15 15
415 50 21
415 80 21
415 110 21
415 175 29
415 185 17
415 200 17
415 235 47
415 245 47
415 290 48
415 320 47
415 350 47
420 15 15
420 25 21
420 55 21
420 85 21
420 115 21
420 145 21
420 195 17
420 215 47
420 240 47
420 260 41
420 270 42
420 280 47
420 310 47
420 340 47
425 30 21
425 60 21
425 90 21
425 120 21
425 130 21
425 140 16
425 150 16
425 160 27
425 170 29
425 180 29
425 205 47
425 220 47
425 225 29
425 235 29
425 250 46
425 295 49
425 300 49
430 30 20
430 75 21
430 85 16
430 100 16
430 140 16
430 150 16
430 165 27
430 210 29
430 215 29
430 305 50
430 335 49
430 355 48
435 5 21
435 35 15
435 45 15
435 95 16
435 130 21
435 155 27
435 165 27
435 175 29
435 205 29
435 215 46
435 240 46
435 275 46
435 295 49
435 330 50
435 355 48
435 360 46
435 365 46
440 40 15
440 45 15
440 60 21
440 75 21
440 110 21
440 140 21
440 150 21
440 160 27
440 170 27
440 280 46
440 285 46
440 290 48
440 320 50
440 350 49
440 360 46
